atmid  resname  atmname  0.5,O 0.5,OP1 0.5,OP2 0.5,O2' 0.5,O3' 0.5,O4' 0.5,O5' 0.5,N1 0.5,N2 0.5,N3 0.5,N4 0.5,N6 0.5,N7 0.5,N9 0.5,O6 0.5,O2 0.5,O4 1,O 1,OP1 1,OP2 1,O2' 1,O3' 1,O4' 1,O5' 1,N1 1,N2 1,N3 1,N4 1,N6 1,N7 1,N9 1,O6 1,O2 1,O4 2,O 2,OP1 2,OP2 2,O2' 2,O3' 2,O4' 2,O5' 2,N1 2,N2 2,N3 2,N4 2,N6 2,N7 2,N9 2,O6 2,O2 2,O4 4,O 4,OP1 4,OP2 4,O2' 4,O3' 4,O4' 4,O5' 4,N1 4,N2 4,N3 4,N4 4,N6 4,N7 4,N9 4,O6 4,O2 4,O4 8,O 8,OP1 8,OP2 8,O2' 8,O3' 8,O4' 8,O5' 8,N1 8,N2 8,N3 8,N4 8,N6 8,N7 8,N9 8,O6 8,O2 8,O4 16,O 16,OP1 16,OP2 16,O2' 16,O3' 16,O4' 16,O5' 16,N1 16,N2 16,N3 16,N4 16,N6 16,N7 16,N9 16,O6 16,O2 16,O4 32,O 32,OP1 32,OP2 32,O2' 32,O3' 32,O4' 32,O5' 32,N1 32,N2 32,N3 32,N4 32,N6 32,N7 32,N9 32,O6 32,O2 32,O4 64,O 64,OP1 64,OP2 64,O2' 64,O3' 64,O4' 64,O5' 64,N1 64,N2 64,N3 64,N4 64,N6 64,N7 64,N9 64,O6 64,O2 64,O4 
2  L  L  1.96986e-09 2.73564e-05 2.73184e-31 5.12852e-67 3.18388e-26 8.10293e-90 1.08267e-26 0 0 0 0 0 0 0 0 0 0 0.00327474 0.0477574 4.51254e-09 1.51779e-18 9.91617e-08 1.09e-24 7.44943e-08 0 0 0 0 0 0 0 0 0 0 0.145493 0.308699 0.00161777 1.99075e-06 0.00416574 2.64882e-08 0.00381564 0 0 0 0 0 0 0 0 0 0 0.427182 0.492474 0.0397978 0.00213043 0.0598193 0.000347035 0.0583161 0 0 0 0 0 0 0 0 0 0 0.56757 0.55588 0.090237 0.0121851 0.117939 0.00372653 0.119713 0 0 0 0 0 0 0 0 0 0 0.609982 0.574517 0.111453 0.0188439 0.140495 0.00674747 0.144864 0 0 0 0 0 0 0 0 0 0 0.621112 0.579499 0.11758 0.0210139 0.14687 0.00782719 0.152103 0 0 0 0 0 0 0 0 0 0 0.623929 0.580769 0.119169 0.0215943 0.148515 0.00812312 0.153981 0 0 0 0 0 0 0 0 0 0 
2  L  L  0.00161105 0 0 0 0 0 0 0 0 0 0 0 0 0 0 0 0 0.162952 0 0 0 0 0 0 0 0 0 0 0 0 0 0 0 0 0.521223 0 0 0 0 0 0 0 0 0 0 0 0 0 0 0 0 0.760344 0 0 0 0 0 0 0 0 0 0 0 0 0 0 0 0 0.893468 0 0 0 0 0 0 0 0 0 0 0 0 0 0 0 0 0.940856 0 0 0 0 0 0 0 0 0 0 0 0 0 0 0 0 0.953993 0 0 0 0 0 0 0 0 0 0 0 0 0 0 0 0 0.957366 0 0 0 0 0 0 0 0 0 0 0 0 0 0 0 0 
2  L  L  1.05772e-08 0 0 0 0 0 0 0 0 0 0 0 0 0 0 0 0 0.00529067 0 0 0 0 0 0 0 0 0 0 0 0 0 0 0 0 0.199501 0 0 0 0 0 0 0 0 0 0 0 0 0 0 0 0 0.645616 0 0 0 0 0 0 0 0 0 0 0 0 0 0 0 0 0.912311 0 0 0 0 0 0 0 0 0 0 0 0 0 0 0 0 1.00087 0 0 0 0 0 0 0 0 0 0 0 0 0 0 0 0 1.02485 0 0 0 0 0 0 0 0 0 0 0 0 0 0 0 0 1.03098 0 0 0 0 0 0 0 0 0 0 0 0 0 0 0 0 
2  L  L  9.13772e-17 0 0 0 0 0 0 0 0 0 0 0 0 0 0 0 0 4.14407e-05 0 0 0 0 0 0 0 0 0 0 0 0 0 0 0 0 0.0420927 0 0 0 0 0 0 0 0 0 0 0 0 0 0 0 0 0.244592 0 0 0 0 0 0 0 0 0 0 0 0 0 0 0 0 0.380508 0 0 0 0 0 0 0 0 0 0 0 0 0 0 0 0 0.42501 0 0 0 0 0 0 0 0 0 0 0 0 0 0 0 0 0.436929 0 0 0 0 0 0 0 0 0 0 0 0 0 0 0 0 0.439961 0 0 0 0 0 0 0 0 0 0 0 0 0 0 0 0 
2  L  L  6.34085e-10 3.80069e-16 6.36423e-53 1.14266e-73 2.81665e-35 1.51688e-101 3.95912e-44 0 0 0 0 0 0 0 0 0 0 0.00235273 4.8148e-05 8.55653e-15 2.48643e-20 3.98194e-10 4.12758e-28 1.82034e-12 0 0 0 0 0 0 0 0 0 0 0.103259 0.0287248 2.91364e-05 5.3702e-07 0.00077212 9.43968e-10 0.000149916 0 0 0 0 0 0 0 0 0 0 0.265776 0.142016 0.00703834 0.0011577 0.0288126 3.68275e-05 0.0144962 0 0 0 0 0 0 0 0 0 0 0.336638 0.212369 0.0277478 0.00788851 0.0712126 0.000518088 0.0468432 0 0 0 0 0 0 0 0 0 0 0.357129 0.235237 0.0390992 0.0127452 0.0892895 0.00100347 0.0633079 0 0 0 0 0 0 0 0 0 0 0.362444 0.241385 0.0425994 0.0143692 0.0944847 0.00118382 0.0683117 0 0 0 0 0 0 0 0 0 0 0.363785 0.242951 0.0435223 0.0148066 0.09583 0.00123376 0.069627 0 0 0 0 0 0 0 0 0 0 
2  L  L  4.38321e-08 0 0 0 0 0 0 0 0 0 0 0 0 0 0 0 0 0.0090976 0 0 0 0 0 0 0 0 0 0 0 0 0 0 0 0 0.283631 0 0 0 0 0 0 0 0 0 0 0 0 0 0 0 0 0.748896 0 0 0 0 0 0 0 0 0 0 0 0 0 0 0 0 0.978212 0 0 0 0 0 0 0 0 0 0 0 0 0 0 0 0 1.05075 0 0 0 0 0 0 0 0 0 0 0 0 0 0 0 0 1.07018 0 0 0 0 0 0 0 0 0 0 0 0 0 0 0 0 1.07513 0 0 0 0 0 0 0 0 0 0 0 0 0 0 0 0 
2  L  L  0.206827 0 0 0 0 0 0 0 0 0 0 0 0 0 0 0 0 0.875176 0 0 0 0 0 0 0 0 0 0 0 0 0 0 0 0 1.26951 0 0 0 0 0 0 0 0 0 0 0 0 0 0 0 0 1.50284 0 0 0 0 0 0 0 0 0 0 0 0 0 0 0 0 1.66148 0 0 0 0 0 0 0 0 0 0 0 0 0 0 0 0 1.72378 0 0 0 0 0 0 0 0 0 0 0 0 0 0 0 0 1.7416 0 0 0 0 0 0 0 0 0 0 0 0 0 0 0 0 1.74622 0 0 0 0 0 0 0 0 0 0 0 0 0 0 0 0 
2  L  L  0.00123835 0 0 0 0 0 0 0 0 0 0 0 0 0 0 0 0 0.150125 0 0 0 0 0 0 0 0 0 0 0 0 0 0 0 0 0.498145 0 0 0 0 0 0 0 0 0 0 0 0 0 0 0 0 0.674421 0 0 0 0 0 0 0 0 0 0 0 0 0 0 0 0 0.736706 0 0 0 0 0 0 0 0 0 0 0 0 0 0 0 0 0.757019 0 0 0 0 0 0 0 0 0 0 0 0 0 0 0 0 0.76264 0 0 0 0 0 0 0 0 0 0 0 0 0 0 0 0 0.764086 0 0 0 0 0 0 0 0 0 0 0 0 0 0 0 0 
2  L  L  1.48863e-08 1.19439e-17 1.21326e-56 4.01179e-75 1.5427e-36 6.03867e-91 1.21549e-35 0 0 0 0 0 0 0 0 0 0 0.00563686 1.9033e-05 8.81768e-16 1.00751e-20 1.84773e-10 4.63189e-25 3.18867e-10 0 0 0 0 0 0 0 0 0 0 0.13983 0.0213844 1.44779e-05 4.01076e-07 0.000611261 1.37805e-08 0.000721657 0 0 0 0 0 0 0 0 0 0 0.312062 0.123847 0.00518253 0.00100744 0.026069 0.000185803 0.0281547 0 0 0 0 0 0 0 0 0 0 0.381417 0.192606 0.0225425 0.00713213 0.0666191 0.00202596 0.0716456 0 0 0 0 0 0 0 0 0 0 0.401043 0.215403 0.0325549 0.0116337 0.0842301 0.00368677 0.0910544 0 0 0 0 0 0 0 0 0 0 0.406105 0.221558 0.0356878 0.0131475 0.089317 0.00428249 0.0967435 0 0 0 0 0 0 0 0 0 0 0.40738 0.223128 0.0365171 0.0135558 0.0906361 0.00444592 0.0982252 0 0 0 0 0 0 0 0 0 0 
2  L  L  3.52416e-06 0 0 0 0 0 0 0 0 0 0 0 0 0 0 0 0 0.026719 0 0 0 0 0 0 0 0 0 0 0 0 0 0 0 0 0.326149 0 0 0 0 0 0 0 0 0 0 0 0 0 0 0 0 0.76647 0 0 0 0 0 0 0 0 0 0 0 0 0 0 0 0 0.992866 0 0 0 0 0 0 0 0 0 0 0 0 0 0 0 0 1.06581 0 0 0 0 0 0 0 0 0 0 0 0 0 0 0 0 1.08544 0 0 0 0 0 0 0 0 0 0 0 0 0 0 0 0 1.09044 0 0 0 0 0 0 0 0 0 0 0 0 0 0 0 0 
2  L  L  4.66662e-07 0 0 0 0 0 0 0 0 0 0 0 0 0 0 0 0 0.0150283 0 0 0 0 0 0 0 0 0 0 0 0 0 0 0 0 0.244749 0 0 0 0 0 0 0 0 0 0 0 0 0 0 0 0 0.606101 0 0 0 0 0 0 0 0 0 0 0 0 0 0 0 0 0.833884 0 0 0 0 0 0 0 0 0 0 0 0 0 0 0 0 0.916232 0 0 0 0 0 0 0 0 0 0 0 0 0 0 0 0 0.939162 0 0 0 0 0 0 0 0 0 0 0 0 0 0 0 0 0.945058 0 0 0 0 0 0 0 0 0 0 0 0 0 0 0 0 
2  L  L  0.0159315 0 0 0 0 0 0 0 0 0 0 0 0 0 0 0 0 0.342238 0 0 0 0 0 0 0 0 0 0 0 0 0 0 0 0 0.782222 0 0 0 0 0 0 0 0 0 0 0 0 0 0 0 0 1.07859 0 0 0 0 0 0 0 0 0 0 0 0 0 0 0 0 1.21804 0 0 0 0 0 0 0 0 0 0 0 0 0 0 0 0 1.26394 0 0 0 0 0 0 0 0 0 0 0 0 0 0 0 0 1.27641 0 0 0 0 0 0 0 0 0 0 0 0 0 0 0 0 1.2796 0 0 0 0 0 0 0 0 0 0 0 0 0 0 0 0 
